>> A
A =

    1    2    3    3    5
    6    7    8    9   10
   11   12   13   14   15

>> B
B =

    1    1    2    3    3    5    5
    1    1    2    3    3    5    5
    6    6    7    8    9   10   10
   11   11   12   13   14   15   15
   11   11   12   13   14   15   15

>>